BG201333312    202402   0              1010000017426          02/02/2024BG102850888    круизи                                            круизи                                 100.38          20.07         100.38          20.07              0              0              0              0              0              0              0              0           0.00           0.00              0           0.00           0.0002
BG201333312    202402   0              2010000017427          02/02/2024BG102866611    стоян строй                                       стоянов                                 22.54           4.51          22.54           4.51              0              0              0              0              0              0              0              0           0.00           0.00              0           0.00           0.0002
BG201333312    202402   0              3010000017428          05/02/2024BG147071717    ес енд ей                                         ес енд ей                              212.10          42.42         212.10          42.42              0              0              0              0              0              0              0              0           0.00           0.00              0           0.00           0.0002
BG201333312    202402   0              4010000017429          06/02/2024BG147071717    ес енд ей                                         ес енд ей                              163.43          32.68         163.43          32.68              0              0              0              0              0              0              0              0           0.00           0.00              0           0.00           0.0002
BG201333312    202402   0              5010000017430          06/02/2024BG203553823    паркмарт ритейл                                   паркмарт                              1165.78         233.15        1165.78         233.15              0              0              0              0              0              0              0              0           0.00           0.00              0           0.00           0.0002
BG201333312    202402   0              6010000017431          06/02/2024BG206470489    фууд енд фън микс центъ                           фууд енд ф                            4152.94         830.59        4152.94         830.59              0              0              0              0              0              0              0              0           0.00           0.00              0           0.00           0.0002
BG201333312    202402   0              7010000017431          06/02/2024BG147232412    наско 2007                                        наско                                  106.05          21.22         106.05          21.22              0              0              0              0              0              0              0              0           0.00           0.00              0           0.00           0.0002
BG201333312    202402   0              8010000017432          07/02/2024BG020974961    роса                                              роса                                    86.48          17.30          86.48          17.30              0              0              0              0              0              0              0              0           0.00           0.00              0           0.00           0.0002
BG201333312    202402   0              9010000017433          07/02/2024BG207037895    виста дел мар 11                                  виста                                  410.00          82.00         410.00          82.00              0              0              0              0              0              0              0              0           0.00           0.00              0           0.00           0.0002
BG201333312    202402   0             10010000017434          08/02/2024BG205362457    хепи турс                                         хепи                                    19.93           3.99          19.93           3.99              0              0              0              0              0              0              0              0           0.00           0.00              0           0.00           0.0002
BG201333312    202402   0             11010000017435          08/02/2024BG147057112    емона-чавдаров                                    имона                                  427.76          85.55         427.76          85.55              0              0              0              0              0              0              0              0           0.00           0.00              0           0.00           0.0002
BG201333312    202402   0             12010000017436          09/02/2024BG102834948    зора 2003                                         зора 2003                               95.75          19.15          95.75          19.15              0              0              0              0              0              0              0              0           0.00           0.00              0           0.00           0.0002
BG201333312    202402   0             13010000017437          09/02/2024BG206944777    кумба оод                                         кумба                                  717.22         143.44         717.22         143.44              0              0              0              0              0              0              0              0           0.00           0.00              0           0.00           0.0002
BG201333312    202402   0             14010000017438          09/02/2024BG205021114    лодакс                                            лодакс                                 249.67          49.93         249.67          49.93              0              0              0              0              0              0              0              0           0.00           0.00              0           0.00           0.0002
BG201333312    202402   0             15010000017439          10/02/2024BG205362457    хепи турс                                         хипи                                    19.93           3.99          19.93           3.99              0              0              0              0              0              0              0              0           0.00           0.00              0           0.00           0.0002
BG201333312    202402   0             16010000017440          13/02/2024BG102083490    елиттур оод                                       елиттур                                934.90         186.98         934.90         186.98              0              0              0              0              0              0              0              0           0.00           0.00              0           0.00           0.0002
BG201333312    202402   0             17010000017441          13/02/2024BG102048176    спектрумбау                                       спектрум                                16.58           3.31          16.58           3.31              0              0              0              0              0              0              0              0           0.00           0.00              0           0.00           0.0002
BG201333312    202402   0             18010000017442          14/02/2024BG206404521    конико 59                                         конико                                  39.73           7.95          39.73           7.95              0              0              0              0              0              0              0              0           0.00           0.00              0           0.00           0.0002
BG201333312    202402   0             19010000017443          15/02/2024BG203553823    паркмарт ритейл                                   паркмарт                               347.20          69.44         347.20          69.44              0              0              0              0              0              0              0              0           0.00           0.00              0           0.00           0.0002
BG201333312    202402   0             20010000017444          15/02/2024BG205362457    хепи турс                                         хепи                                    19.93           3.99          19.93           3.99              0              0              0              0              0              0              0              0           0.00           0.00              0           0.00           0.0002
BG201333312    202402   0             21010000017445          15/02/2024BG147001989    борвес еоод                                       борвес                                 380.47          76.10         380.47          76.10              0              0              0              0              0              0              0              0           0.00           0.00              0           0.00           0.0002
BG201333312    202402   0             22010000017446          15/02/2024BG205362457    хепи турс                                         хепи                                    19.93           3.99          19.93           3.99              0              0              0              0              0              0              0              0           0.00           0.00              0           0.00           0.0002
BG201333312    202402   0             23010000017447          16/02/2024BG206201656    съни билд груп                                    съни билд                              671.83         134.37         671.83         134.37              0              0              0              0              0              0              0              0           0.00           0.00              0           0.00           0.0002
BG201333312    202402   0             24010000017448          16/02/2024BG200848544    инвестстрой билдинг                               инвест                                  43.35           8.67          43.35           8.67              0              0              0              0              0              0              0              0           0.00           0.00              0           0.00           0.0002
BG201333312    202402   0             25010000017449          19/02/2024BG200848544    инвестстрой билдинг                               инвестстро                             375.41          75.09         375.41          75.09              0              0              0              0              0              0              0              0           0.00           0.00              0           0.00           0.0002
BG201333312    202402   0             26010000017450          19/02/2024BG147232412    наско 2007                                        наско                                   38.56           7.71          38.56           7.71              0              0              0              0              0              0              0              0           0.00           0.00              0           0.00           0.0002
BG201333312    202402   0             27010000017451          19/02/2024BG205180127    зефир мениджмънт                                  зефир                                 2233.23         446.65        2233.23         446.65              0              0              0              0              0              0              0              0           0.00           0.00              0           0.00           0.0002
BG201333312    202402   0             28010000017452          19/02/2024BG206404521    конико 59                                         конико                                  53.95          10.79          53.95          10.79              0              0              0              0              0              0              0              0           0.00           0.00              0           0.00           0.0002
BG201333312    202402   0             29010000017453          20/02/2024BG200848544    инвестстрой билдинг                               инвест                                 179.40          35.88         179.40          35.88              0              0              0              0              0              0              0              0           0.00           0.00              0           0.00           0.0002
BG201333312    202402   0             30010000017454          20/02/2024BG206201656    съни билд груп                                    съни билд                             1919.48         383.90        1919.48         383.90              0              0              0              0              0              0              0              0           0.00           0.00              0           0.00           0.0002
BG201333312    202402   0             31010000017455          20/02/2024BG207123630    табако мол                                        табако мол                              77.63          15.52          77.63          15.52              0              0              0              0              0              0              0              0           0.00           0.00              0           0.00           0.0002
BG201333312    202402   0             32010000017456          21/02/2024BG200848544    инвестстрой билдинг                               инвестстро                              91.60          18.32          91.60          18.32              0              0              0              0              0              0              0              0           0.00           0.00              0           0.00           0.0002
BG201333312    202402   0             33010000017457          21/02/2024BG131095442    макон груп                                        макон                                   73.27          14.65          73.27          14.65              0              0              0              0              0              0              0              0           0.00           0.00              0           0.00           0.0002
BG201333312    202402   0             34010000017458          21/02/2024BG102866611    стоян строй                                       стоян стро                             167.98          33.60         167.98          33.60              0              0              0              0              0              0              0              0           0.00           0.00              0           0.00           0.0002
BG201333312    202402   0             35010000017459          21/02/2024BG200848544    инвестстрой билдинг                               инвест стр                             167.18          33.43         167.18          33.43              0              0              0              0              0              0              0              0           0.00           0.00              0           0.00           0.0002
BG201333312    202402   0             36010000017460          22/02/2024BG000057122    община несебър                                    община                                 397.40          79.48         397.40          79.48              0              0              0              0              0              0              0              0           0.00           0.00              0           0.00           0.0002
BG201333312    202402   0             37010000017461          24/02/2024BG102979228    марк-89                                           марк                                    32.93           6.59          32.93           6.59              0              0              0              0              0              0              0              0           0.00           0.00              0           0.00           0.0002
BG201333312    202402   0             38010000017462          24/02/2024BG206787361    фреш м 22                                         фреш                                   130.95          26.19         130.95          26.19              0              0              0              0              0              0              0              0           0.00           0.00              0           0.00           0.0002
BG201333312    202402   0             39010000017463          26/02/2024BG206531853    маринов 2021                                      маринов                                 22.36           4.47          22.36           4.47              0              0              0              0              0              0              0              0           0.00           0.00              0           0.00           0.0002
BG201333312    202402   0             40010000017464          27/02/2024BG205125038    ей си джи                                         ейси джи                               181.38          36.28         181.38          36.28              0              0              0              0              0              0              0              0           0.00           0.00              0           0.00           0.0002
BG201333312    202402   0             41010000017465          28/02/2024BG206531853    маринов 2021                                      маринов                                115.54          23.12         115.54          23.12              0              0              0              0              0              0              0              0           0.00           0.00              0           0.00           0.0002
BG201333312    202402   0             42010000017466          28/02/2024BG201530199    симтекс                                           сим                                    602.35         120.47         602.35         120.47              0              0              0              0              0              0              0              0           0.00           0.00              0           0.00           0.0002
BG201333312    202402   0             43010000017467          28/02/2024BG203302671    меандър                                           меандър                               1254.92         250.98        1254.92         250.98              0              0              0              0              0              0              0              0           0.00           0.00              0           0.00           0.0002
BG201333312    202402   0             44010000017468          29/02/2024BG201637945    хоум сървис                                       хоум                                    35.03           7.00          35.03           7.00              0              0              0              0              0              0              0              0           0.00           0.00              0           0.00           0.0002
BG201333312    202402   0             45010000017469          29/02/2024BG203753076    кони строй                                        кони                                    36.58           7.32          36.58           7.32              0              0              0              0              0              0              0              0           0.00           0.00              0           0.00           0.0002
