BG201333312    202312   0              1010000017364          02/12/2023BG102064440    т.е.д.                                            т.е.д.                                 199.07          39.81         199.07          39.81              0              0              0              0              0              0              0              0           0.00           0.00              0           0.00           0.0002
BG201333312    202312   0              2010000017365          04/12/2023BG102064440    т.е.д.                                            тед                                    199.07          39.81         199.07          39.81              0              0              0              0              0              0              0              0           0.00           0.00              0           0.00           0.0002
BG201333312    202312   0              3010000017366          05/12/2023BG102826595    джамби-груп                                       джамби гру                              11.60           2.32          11.60           2.32              0              0              0              0              0              0              0              0           0.00           0.00              0           0.00           0.0002
BG201333312    202312   0              4010000017367          05/12/2023BG207037895    виста дел мар 11                                  виста                                  413.93          82.79         413.93          82.79              0              0              0              0              0              0              0              0           0.00           0.00              0           0.00           0.0002
BG201333312    202312   0              5010000017368          05/12/2023BG147001989    борвес еоод                                       борвес                                 211.51          42.30         211.51          42.30              0              0              0              0              0              0              0              0           0.00           0.00              0           0.00           0.0002
BG201333312    202312   0              6010000017369          05/12/2023BG206201656    съни билд груп                                    съни билд                              228.88          45.78         228.88          45.78              0              0              0              0              0              0              0              0           0.00           0.00              0           0.00           0.0002
BG201333312    202312   0              7010000017370          06/12/2023BG206084498    компакт пропъртис                                 компакт                                220.33          44.06         220.33          44.06              0              0              0              0              0              0              0              0           0.00           0.00              0           0.00           0.0002
BG201333312    202312   0              8010000017371          07/12/2023BG207037895    виста дел мар 11                                  виста                                  134.02          26.80         134.02          26.80              0              0              0              0              0              0              0              0           0.00           0.00              0           0.00           0.0002
BG201333312    202312   0              9010000017372          07/12/2023BG202124276    ванини мик                                        ванини                                2339.73         467.95        2339.73         467.95              0              0              0              0              0              0              0              0           0.00           0.00              0           0.00           0.0002
BG201333312    202312   0             10010000017373          08/12/2023BG102831756    биг холидейс                                      биг                                     49.00           9.80          49.00           9.80              0              0              0              0              0              0              0              0           0.00           0.00              0           0.00           0.0002
BG201333312    202312   0             11010000017374          09/12/2023BG020974961    роса                                              роса                                    53.95          10.79          53.95          10.79              0              0              0              0              0              0              0              0           0.00           0.00              0           0.00           0.0002
BG201333312    202312   0             12010000017375          11/12/2023BG147001989    борвес еоод                                       борвес                                 254.36          50.87         254.36          50.87              0              0              0              0              0              0              0              0           0.00           0.00              0           0.00           0.0002
BG201333312    202312   0             13010000017376          11/12/2023BG020974961    роса                                              роса                                    16.28           3.25          16.28           3.25              0              0              0              0              0              0              0              0           0.00           0.00              0           0.00           0.0002
BG201333312    202312   0             14010000017377          12/12/2023BG020974961    роса                                              роса                                   872.36         174.47         872.36         174.47              0              0              0              0              0              0              0              0           0.00           0.00              0           0.00           0.0002
BG201333312    202312   0             15010000017378          13/12/2023BG812025179    миронов                                           миронов                                140.57          28.12         140.57          28.12              0              0              0              0              0              0              0              0           0.00           0.00              0           0.00           0.0002
BG201333312    202312   0             16010000017379          15/12/2023BG147001989    борвес еоод                                       борвес                                  49.77           9.95          49.77           9.95              0              0              0              0              0              0              0              0           0.00           0.00              0           0.00           0.0002
BG201333312    202312   0             17010000017380          15/12/2023BG147002297    теди 2001                                         теди                                    54.58          10.91          54.58          10.91              0              0              0              0              0              0              0              0           0.00           0.00              0           0.00           0.0002
BG201333312    202312   0             18010000017381          19/12/2023BG206531853    маринов 2021                                      маринов                                600.32         120.06         600.32         120.06              0              0              0              0              0              0              0              0           0.00           0.00              0           0.00           0.0002
BG201333312    202312   0             19010000017382          19/12/2023BG020974961    роса                                              роса                                  1500.00         300.00        1500.00         300.00              0              0              0              0              0              0              0              0           0.00           0.00              0           0.00           0.0002
BG201333312    202312   0             20010000017383          22/12/2023BG207037895    виста дел мар 11                                  виста                                  550.82         110.16         550.82         110.16              0              0              0              0              0              0              0              0           0.00           0.00              0           0.00           0.0002
